------ i = 1 --------
X_T:
(            1            0            0            0       -0.686            0 )
(            0            1            0        0.686            0        -0.06 )
(            0            0            1            0         0.06            0 )
(            0            0            0            1            0            0 )
(            0            0            0            0            1            0 )
(            0            0            0            0            0            1 )
X_J:
(     0.581676     -0.81342            0            0            0            0 )
(      0.81342     0.581676            0            0            0            0 )
(            0            0            1            0            0            0 )
(            0            0            0     0.581676     -0.81342            0 )
(            0            0            0      0.81342     0.581676            0 )
(            0            0            0            0            0            1 )
X_pi:
(     0.581676     -0.81342            0    -0.558006     -0.39903            0 )
(      0.81342     0.581676            0      0.39903    -0.558006        -0.06 )
(            0            0            1    0.0488052    0.0349006            0 )
(            0            0            0     0.581676     -0.81342            0 )
(            0            0            0      0.81342     0.581676            0 )
(            0            0            0            0            0            1 )
X_0:
(     0.581676     -0.81342            0    -0.558006     -0.39903            0 )
(      0.81342     0.581676            0      0.39903    -0.558006        -0.06 )
(            0            0            1    0.0488052    0.0349006            0 )
(            0            0            0     0.581676     -0.81342            0 )
(            0            0            0      0.81342     0.581676            0 )
(            0            0            0            0            0            1 )
---------------------
------ i = 2 --------
X_T:
(     0.707105    -0.707108            0   -0.0916596   -0.0916593     0.259027 )
(     0.707108     0.707105            0    0.0916593   -0.0916596   -0.0640272 )
(            0            0            1    -0.137886     0.228434            0 )
(            0            0            0     0.707105    -0.707108            0 )
(            0            0            0     0.707108     0.707105            0 )
(            0            0            0            0            0            1 )
X_J:
(     0.936089     0.351762            0            0            0            0 )
(    -0.351762     0.936089            0            0            0            0 )
(            0            0            1            0            0            0 )
(            0            0            0     0.936089     0.351762            0 )
(            0            0            0    -0.351762     0.936089            0 )
(            0            0            0            0            0            1 )
X_pi:
(     0.910648    -0.413183            0   -0.0535593    -0.118044     0.259027 )
(     0.413183     0.910648            0     0.118044   -0.0535593   -0.0640272 )
(            0            0            1    -0.209428     0.165332            0 )
(            0            0            0     0.910648    -0.413183            0 )
(            0            0            0     0.413183     0.910648            0 )
(            0            0            0            0            0            1 )
X_0:
(     0.910648    -0.413183            0   -0.0535593    -0.118044     0.259027 )
(     0.413183     0.910648            0     0.118044   -0.0535593   -0.0640272 )
(            0            0            1    -0.209428     0.165332            0 )
(            0            0            0     0.910648    -0.413183            0 )
(            0            0            0     0.413183     0.910648            0 )
(            0            0            0            0            0            1 )
---------------------
------ i = 3 --------
X_T:
(            1            0            0            0 -1.32381e-12     -0.27035 )
(            0  4.89664e-12            1      0.27035        0.069 -3.37868e-13 )
(            0           -1  4.89664e-12            0  3.37868e-13        0.069 )
(            0            0            0            1            0            0 )
(            0            0            0            0  4.89664e-12            1 )
(            0            0            0            0           -1  4.89664e-12 )
X_J:
(     0.937918    -0.346858            0            0            0            0 )
(     0.346858     0.937918            0            0            0            0 )
(            0            0            1            0            0            0 )
(            0            0            0     0.937918    -0.346858            0 )
(            0            0            0     0.346858     0.937918            0 )
(            0            0            0            0            0            1 )
X_0 par:
(     0.910648    -0.413183            0   -0.0535593    -0.118044     0.259027 )
(     0.413183     0.910648            0     0.118044   -0.0535593   -0.0640272 )
(            0            0            1    -0.209428     0.165332            0 )
(            0            0            0     0.910648    -0.413183            0 )
(            0            0            0     0.413183     0.910648            0 )
(            0            0            0            0            0            1 )
X_pi:
(     0.937918    -0.346858            0 -4.59173e-13 -1.24162e-12     -0.27035 )
(  1.69844e-12  4.59264e-12            1     0.277499   -0.0290567 -3.37868e-13 )
(    -0.346858    -0.937918  4.89664e-12  1.17192e-13  3.16892e-13        0.069 )
(            0            0            0     0.937918    -0.346858            0 )
(            0            0            0  1.69844e-12  4.59264e-12            1 )
(            0            0            0    -0.346858    -0.937918  4.89664e-12 )
X_0:
(     0.854113    -0.315865    -0.413183    -0.254738    -0.212363    -0.364237 )
(     0.387532    -0.143316     0.910648     0.385628  -0.00735251    -0.165263 )
(    -0.346858    -0.937918  4.89664e-12    -0.196426    0.0726417     0.234332 )
(            0            0            0     0.854113    -0.315865    -0.413183 )
(            0            0            0     0.387532    -0.143316     0.910648 )
(            0            0            0    -0.346858    -0.937918  4.89664e-12 )
---------------------
------ i = 4 --------
X_T:
(  4.89664e-12 -4.89658e-12            1            0            0            0 )
(            1            0 -4.89658e-12 -5.66214e-18       -0.102 -4.99457e-13 )
(  5.55112e-17            1  4.89664e-12        0.102            0 -4.99451e-13 )
(            0            0            0  4.89664e-12 -4.89658e-12            1 )
(            0            0            0            1            0 -4.89658e-12 )
(            0            0            0  5.55112e-17            1  4.89664e-12 )
X_J:
(    -0.249518     -0.96837            0            0            0            0 )
(      0.96837    -0.249518            0            0            0            0 )
(            0            0            1            0            0            0 )
(            0            0            0    -0.249518     -0.96837            0 )
(            0            0            0      0.96837    -0.249518            0 )
(            0            0            0            0            0            1 )
X_0 par:
(     0.854113    -0.315865    -0.413183    -0.254738    -0.212363    -0.364237 )
(     0.387532    -0.143316     0.910648     0.385628  -0.00735251    -0.165263 )
(    -0.346858    -0.937918  4.89664e-12    -0.196426    0.0726417     0.234332 )
(            0            0            0     0.854113    -0.315865    -0.413183 )
(            0            0            0     0.387532    -0.143316     0.910648 )
(            0            0            0    -0.346858    -0.937918  4.89664e-12 )
X_pi:
( -5.96351e-12 -3.51997e-12            1            0            0            0 )
(    -0.249518     -0.96837 -4.89658e-12   -0.0987737    0.0254509 -4.99457e-13 )
(      0.96837    -0.249518  4.89664e-12   -0.0254509   -0.0987737 -4.99451e-13 )
(            0            0            0 -5.96351e-12 -3.51997e-12            1 )
(            0            0            0    -0.249518     -0.96837 -4.89658e-12 )
(            0            0            0      0.96837    -0.249518  4.89664e-12 )
X_0:
(      -0.3213     0.408971     0.854113    -0.258013     0.329303    -0.254738 )
(     0.917604   -0.0884404     0.387532    -0.167223   -0.0452394     0.385628 )
(     0.234028     0.908251    -0.346858     0.301436    -0.152685    -0.196426 )
(            0            0            0      -0.3213     0.408971     0.854113 )
(            0            0            0     0.917604   -0.0884404     0.387532 )
(            0            0            0     0.234028     0.908251    -0.346858 )
---------------------
------ i = 5 --------
X_T:
(  4.89664e-12            1 -4.89658e-12 -1.45672e-17 -1.28498e-12     -0.26242 )
(  5.55112e-17  4.89664e-12            1       -0.069      0.26242 -1.28496e-12 )
(            1 -4.89658e-12            0  3.83027e-18  3.37868e-13        0.069 )
(            0            0            0  4.89664e-12            1 -4.89658e-12 )
(            0            0            0  5.55112e-17  4.89664e-12            1 )
(            0            0            0            1 -4.89658e-12            0 )
X_J:
(    -0.725306    -0.688427            0            0            0            0 )
(     0.688427    -0.725306            0            0            0            0 )
(            0            0            1            0            0            0 )
(            0            0            0    -0.725306    -0.688427            0 )
(            0            0            0     0.688427    -0.725306            0 )
(            0            0            0            0            0            1 )
X_0 par:
(      -0.3213     0.408971     0.854113    -0.258013     0.329303    -0.254738 )
(     0.917604   -0.0884404     0.387532    -0.167223   -0.0452394     0.385628 )
(     0.234028     0.908251    -0.346858     0.301436    -0.152685    -0.196426 )
(            0            0            0      -0.3213     0.408971     0.854113 )
(            0            0            0     0.917604   -0.0884404     0.387532 )
(            0            0            0     0.234028     0.908251    -0.346858 )
X_pi:
(     0.688427    -0.725306 -4.89658e-12 -8.84601e-13  9.32011e-13     -0.26242 )
(  3.37094e-12  -3.5516e-12            1     0.230703    -0.142833 -1.28496e-12 )
(    -0.725306    -0.688427            0  2.32595e-13  -2.4506e-13        0.069 )
(            0            0            0     0.688427    -0.725306 -4.89658e-12 )
(            0            0            0  3.37094e-12  -3.5516e-12            1 )
(            0            0            0    -0.725306    -0.688427            0 )
X_0:
(    -0.840685    -0.354953     0.408971     0.101491     0.304092     0.472552 )
(     0.350624    -0.932331   -0.0884404    -0.415222    -0.131557    -0.259297 )
(     0.412689    0.0690445     0.908251     0.559522    -0.213137    -0.238032 )
(            0            0            0    -0.840685    -0.354953     0.408971 )
(            0            0            0     0.350624    -0.932331   -0.0884404 )
(            0            0            0     0.412689    0.0690445     0.908251 )
---------------------
------ i = 6 --------
X_T:
(  4.89664e-12 -4.89658e-12            1            0            0            0 )
(            1            0 -4.89658e-12  -5.7504e-18     -0.10359 -5.07243e-13 )
(  5.55112e-17            1  4.89664e-12      0.10359            0 -5.07237e-13 )
(            0            0            0  4.89664e-12 -4.89658e-12            1 )
(            0            0            0            1            0 -4.89658e-12 )
(            0            0            0  5.55112e-17            1  4.89664e-12 )
X_J:
(    -0.275956      0.96117            0            0            0            0 )
(     -0.96117    -0.275956            0            0            0            0 )
(            0            0            1            0            0            0 )
(            0            0            0    -0.275956      0.96117            0 )
(            0            0            0     -0.96117    -0.275956            0 )
(            0            0            0            0            0            1 )
X_0 par:
(    -0.840685    -0.354953     0.408971     0.101491     0.304092     0.472552 )
(     0.350624    -0.932331   -0.0884404    -0.415222    -0.131557    -0.259297 )
(     0.412689    0.0690445     0.908251     0.559522    -0.213137    -0.238032 )
(            0            0            0    -0.840685    -0.354953     0.408971 )
(            0            0            0     0.350624    -0.932331   -0.0884404 )
(            0            0            0     0.412689    0.0690445     0.908251 )
X_pi:
(  3.35519e-12  6.05775e-12            1            0            0            0 )
(    -0.275956      0.96117 -4.89658e-12    0.0995676    0.0285863 -5.07243e-13 )
(     -0.96117    -0.275956  4.89664e-12   -0.0285863    0.0995676 -5.07237e-13 )
(            0            0            0  3.35519e-12  6.05775e-12            1 )
(            0            0            0    -0.275956      0.96117 -4.89658e-12 )
(            0            0            0     -0.96117    -0.275956  4.89664e-12 )
X_0:
(     -0.29514    -0.454028    -0.840685    -0.585152     0.192454     0.101491 )
(     0.342289    -0.871723     0.350624     0.195231   -0.0903513    -0.415222 )
(    -0.892037    -0.184274     0.412689     0.268517   -0.0467688     0.559522 )
(            0            0            0     -0.29514    -0.454028    -0.840685 )
(            0            0            0     0.342289    -0.871723     0.350624 )
(            0            0            0    -0.892037    -0.184274     0.412689 )
---------------------
------ i = 7 --------
X_T:
(  4.89664e-12            1 -4.89658e-12 -1.50269e-17 -1.32552e-12      -0.2707 )
(  5.55112e-17  4.89664e-12            1        -0.01       0.2707 -1.32551e-12 )
(            1 -4.89658e-12            0  5.55112e-19  4.89664e-14         0.01 )
(            0            0            0  4.89664e-12            1 -4.89658e-12 )
(            0            0            0  5.55112e-17  4.89664e-12            1 )
(            0            0            0            1 -4.89658e-12            0 )
X_J:
(     0.941994     0.335629            0            0            0            0 )
(    -0.335629     0.941994            0            0            0            0 )
(            0            0            1            0            0            0 )
(            0            0            0     0.941994     0.335629            0 )
(            0            0            0    -0.335629     0.941994            0 )
(            0            0            0            0            0            1 )
X_0 par:
(     -0.29514    -0.454028    -0.840685    -0.585152     0.192454     0.101491 )
(     0.342289    -0.871723     0.350624     0.195231   -0.0903513    -0.415222 )
(    -0.892037    -0.184274     0.412689     0.268517   -0.0467688     0.559522 )
(            0            0            0     -0.29514    -0.454028    -0.840685 )
(            0            0            0     0.342289    -0.871723     0.350624 )
(            0            0            0    -0.892037    -0.184274     0.412689 )
X_pi:
(    -0.335629     0.941994 -4.89658e-12  4.44869e-13 -1.24864e-12      -0.2707 )
(  -1.6434e-12  4.61262e-12            1    -0.100275     0.251642 -1.32551e-12 )
(     0.941994     0.335629            0  -1.6434e-14  4.61262e-14         0.01 )
(            0            0            0    -0.335629     0.941994 -4.89658e-12 )
(            0            0            0  -1.6434e-12  4.61262e-12            1 )
(            0            0            0     0.941994     0.335629            0 )
X_0:
(    -0.692863    -0.560178    -0.454028     0.337526    -0.631399     0.263941 )
(     0.215403     0.440114    -0.871723     -0.36925    -0.174816    -0.179503 )
(     0.688145    -0.701784    -0.184274     0.455423     0.394362     0.198833 )
(            0            0            0    -0.692863    -0.560178    -0.454028 )
(            0            0            0     0.215403     0.440114    -0.871723 )
(            0            0            0     0.688145    -0.701784    -0.184274 )
---------------------
------ i = 8 --------
X_T:
(  4.89664e-12 -4.89658e-12            1            0            0            0 )
(            1            0 -4.89658e-12 -6.43791e-18    -0.115975 -5.67888e-13 )
(  5.55112e-17            1  4.89664e-12     0.115975            0 -5.67881e-13 )
(            0            0            0  4.89664e-12 -4.89658e-12            1 )
(            0            0            0            1            0 -4.89658e-12 )
(            0            0            0  5.55112e-17            1  4.89664e-12 )
X_J:
(   -0.0701746    -0.997535            0            0            0            0 )
(     0.997535   -0.0701746            0            0            0            0 )
(            0            0            1            0            0            0 )
(            0            0            0   -0.0701746    -0.997535            0 )
(            0            0            0     0.997535   -0.0701746            0 )
(            0            0            0            0            0            1 )
X_0 par:
(    -0.692863    -0.560178    -0.454028     0.337526    -0.631399     0.263941 )
(     0.215403     0.440114    -0.871723     -0.36925    -0.174816    -0.179503 )
(     0.688145    -0.701784    -0.184274     0.455423     0.394362     0.198833 )
(            0            0            0    -0.692863    -0.560178    -0.454028 )
(            0            0            0     0.215403     0.440114    -0.871723 )
(            0            0            0     0.688145    -0.701784    -0.184274 )
X_pi:
( -5.22813e-12 -4.54095e-12            1            0            0            0 )
(   -0.0701746    -0.997535 -4.89658e-12    -0.115689    0.0081385 -5.67888e-13 )
(     0.997535   -0.0701746  4.89664e-12   -0.0081385    -0.115689 -5.67881e-13 )
(            0            0            0 -5.22813e-12 -4.54095e-12            1 )
(            0            0            0   -0.0701746    -0.997535 -4.89658e-12 )
(            0            0            0     0.997535   -0.0701746  4.89664e-12 )
X_0:
(    -0.413599     0.590659    -0.692863     0.376101     0.659287     0.337526 )
(    -0.900459    -0.377856     0.215403    -0.210614     0.291412     -0.36925 )
(    -0.134572     0.712985     0.688145     0.253357    -0.391736     0.455423 )
(            0           -0            0    -0.413599     0.590659    -0.692863 )
(            0            0            0    -0.900459    -0.377856     0.215403 )
(            0            0            0    -0.134572     0.712985     0.688145 )
---------------------
------ i = 9 --------
X_T:
(            1            0            0           -0     -0.15855      -0.0015 )
(            0            1            0      0.15855            0            0 )
(            0            0            1       0.0015            0            0 )
(            0            0            0            1            0            0 )
(            0            0            0            0            1            0 )
(            0            0            0            0            0            1 )
X_J:
(            1            0            0            0            0            0 )
(            0            1            0            0            0            0 )
(            0            0            1            0            0            0 )
(            0            0   0.00578688            1            0            0 )
(            0            0            0            0            1            0 )
(  -0.00578688            0            0            0            0            1 )
X_0 par:
(    -0.413599     0.590659    -0.692863     0.376101     0.659287     0.337526 )
(    -0.900459    -0.377856     0.215403    -0.210614     0.291412     -0.36925 )
(    -0.134572     0.712985     0.688145     0.253357    -0.391736     0.455423 )
(            0           -0            0    -0.413599     0.590659    -0.692863 )
(            0            0            0    -0.900459    -0.377856     0.215403 )
(            0            0            0    -0.134572     0.712985     0.688145 )
X_pi:
(      1.00001            0            0            0     -0.15855      -0.0015 )
(            0            1   0.00091751      0.15855            0            0 )
(            0            0      1.00001       0.0015            0            0 )
(            0            0   0.00578688            1            0            0 )
(            0            0            0            0            1            0 )
(  -0.00578688            0            0            0            0            1 )
X_0:
(    -0.415556     0.590659     -0.69015      0.46871     0.724863     0.338146 )
(     -0.89833    -0.377856      0.21384      -0.2702      0.43418    -0.367899 )
(    -0.137209     0.712985     0.690271     0.367433    -0.370399     0.455624 )
(   0.00400951            0  -0.00239345    -0.413599     0.590659    -0.692863 )
(  -0.00124651            0  -0.00521085    -0.900459    -0.377856     0.215403 )
(  -0.00398221            0 -0.000778754    -0.134572     0.712985     0.688145 )
---------------------
------ i = 10 --------
X_T:
(            1            0            0            0     -0.15855       0.0015 )
(            0            1            0      0.15855            0            0 )
(            0            0            1      -0.0015            0            0 )
(            0            0            0            1            0            0 )
(            0            0            0            0            1            0 )
(            0            0            0            0            0            1 )
X_J:
(            1            0            0            0            0            0 )
(            0            1            0            0            0            0 )
(            0            0            1            0            0            0 )
(            0            0  -0.00929214            1            0            0 )
(            0            0            0            0            1            0 )
(   0.00929214            0            0            0            0            1 )
X_0 par:
(    -0.413599     0.590659    -0.692863     0.376101     0.659287     0.337526 )
(    -0.900459    -0.377856     0.215403    -0.210614     0.291412     -0.36925 )
(    -0.134572     0.712985     0.688145     0.253357    -0.391736     0.455423 )
(            0           -0            0    -0.413599     0.590659    -0.692863 )
(            0            0            0    -0.900459    -0.377856     0.215403 )
(            0            0            0    -0.134572     0.712985     0.688145 )
X_pi:
(      1.00001            0            0            0     -0.15855       0.0015 )
(            0            1  -0.00147327      0.15855            0            0 )
(            0            0      1.00001      -0.0015            0            0 )
(            0            0  -0.00929214            1            0            0 )
(            0            0            0            0            1            0 )
(   0.00929214            0            0            0            0            1 )
X_0:
(    -0.410468     0.590659    -0.697237     0.470789     0.724863     0.336905 )
(    -0.903903    -0.377856      0.21792    -0.270846      0.43418    -0.370601 )
(    -0.130342     0.712985     0.684749     0.365368    -0.370399     0.455221 )
(  -0.00643818            0   0.00384322    -0.413599     0.590659    -0.692863 )
(   0.00200156            0   0.00836719    -0.900459    -0.377856     0.215403 )
(   0.00639434            0   0.00125047    -0.134572     0.712985     0.688145 )
---------------------
------ i = 11 --------
X_T:
(     0.707105     0.707108            0    0.0916596   -0.0916593    -0.259027 )
(    -0.707108     0.707105            0    0.0916593    0.0916596   -0.0640272 )
(            0            0            1     0.137886     0.228434            0 )
(            0            0            0     0.707105     0.707108            0 )
(            0            0            0    -0.707108     0.707105            0 )
(            0            0            0            0            0            1 )
X_J:
(     0.997043    0.0768501            0            0            0            0 )
(   -0.0768501     0.997043            0            0            0            0 )
(            0            0            1            0            0            0 )
(            0            0            0     0.997043    0.0768501            0 )
(            0            0            0   -0.0768501     0.997043            0 )
(            0            0            0            0            0            1 )
X_pi:
(     0.650673     0.759358            0    0.0984325   -0.0843441    -0.259027 )
(    -0.759358     0.650673            0    0.0843441    0.0984325   -0.0640272 )
(            0            0            1     0.119923     0.238355            0 )
(            0            0            0     0.650673     0.759358            0 )
(            0            0            0    -0.759358     0.650673            0 )
(            0            0            0            0            0            1 )
X_0:
(     0.650673     0.759358            0    0.0984325   -0.0843441    -0.259027 )
(    -0.759358     0.650673            0    0.0843441    0.0984325   -0.0640272 )
(            0            0            1     0.119923     0.238355            0 )
(            0            0            0     0.650673     0.759358            0 )
(            0            0            0    -0.759358     0.650673            0 )
(            0            0            0            0            0            1 )
---------------------
------ i = 12 --------
X_T:
(            1            0            0            0 -1.32381e-12     -0.27035 )
(            0  4.89664e-12            1      0.27035        0.069 -3.37868e-13 )
(            0           -1  4.89664e-12            0  3.37868e-13        0.069 )
(            0            0            0            1            0            0 )
(            0            0            0            0  4.89664e-12            1 )
(            0            0            0            0           -1  4.89664e-12 )
X_J:
(      0.99044     0.137945            0            0            0            0 )
(    -0.137945      0.99044            0            0            0            0 )
(            0            0            1            0            0            0 )
(            0            0            0      0.99044     0.137945            0 )
(            0            0            0    -0.137945      0.99044            0 )
(            0            0            0            0            0            1 )
X_0 par:
(     0.650673     0.759358            0    0.0984325   -0.0843441    -0.259027 )
(    -0.759358     0.650673            0    0.0843441    0.0984325   -0.0640272 )
(            0            0            1     0.119923     0.238355            0 )
(            0            0            0     0.650673     0.759358            0 )
(            0            0            0    -0.759358     0.650673            0 )
(            0            0            0            0            0            1 )
X_pi:
(      0.99044     0.137945            0  1.82612e-13 -1.31115e-12     -0.27035 )
( -6.75467e-13  4.84983e-12            1     0.258247     0.105634 -3.37868e-13 )
(     0.137945     -0.99044  4.89664e-12 -4.66072e-14  3.34638e-13        0.069 )
(            0            0            0      0.99044     0.137945            0 )
(            0            0            0 -6.75467e-13  4.84983e-12            1 )
(            0            0            0     0.137945     -0.99044  4.89664e-12 )
X_0:
(     0.644452    0.0897571     0.759358     0.257862     0.350343    -0.260254 )
(    -0.752099     -0.10475     0.650673      0.24274     0.143783     0.303725 )
(     0.137945     -0.99044  4.89664e-12     0.118776    0.0165427     0.307355 )
(            0            0            0     0.644452    0.0897571     0.759358 )
(            0            0            0    -0.752099     -0.10475     0.650673 )
(            0            0            0     0.137945     -0.99044  4.89664e-12 )
---------------------
------ i = 13 --------
X_T:
(  4.89664e-12 -4.89658e-12            1            0            0            0 )
(            1            0 -4.89658e-12 -5.66214e-18       -0.102 -4.99457e-13 )
(  5.55112e-17            1  4.89664e-12        0.102            0 -4.99451e-13 )
(            0            0            0  4.89664e-12 -4.89658e-12            1 )
(            0            0            0            1            0 -4.89658e-12 )
(            0            0            0  5.55112e-17            1  4.89664e-12 )
X_J:
(     0.677862     0.735189            0            0            0            0 )
(    -0.735189     0.677862            0            0            0            0 )
(            0            0            1            0            0            0 )
(            0            0            0     0.677862     0.735189            0 )
(            0            0            0    -0.735189     0.677862            0 )
(            0            0            0            0            0            1 )
X_0 par:
(     0.644452    0.0897571     0.759358     0.257862     0.350343    -0.260254 )
(    -0.752099     -0.10475     0.650673      0.24274     0.143783     0.303725 )
(     0.137945     -0.99044  4.89664e-12     0.118776    0.0165427     0.307355 )
(            0            0            0     0.644452    0.0897571     0.759358 )
(            0            0            0    -0.752099     -0.10475     0.650673 )
(            0            0            0     0.137945     -0.99044  4.89664e-12 )
X_pi:
(  6.91916e-12  2.80744e-13            1            0            0            0 )
(     0.677862     0.735189 -4.89658e-12    0.0749893    -0.069142 -4.99457e-13 )
(    -0.735189     0.677862  4.89664e-12     0.069142    0.0749893 -4.99451e-13 )
(            0            0            0  6.91916e-12  2.80744e-13            1 )
(            0            0            0     0.677862     0.735189 -4.89658e-12 )
(            0            0            0    -0.735189     0.677862  4.89664e-12 )
X_0:
(    -0.497429     0.580729     0.644452     0.488054      0.13189     0.257862 )
(    -0.549373     0.364056    -0.752099   -0.0886964     0.367628      0.24274 )
(    -0.671382     -0.72816     0.137945    -0.289023     0.288988     0.118776 )
(            0            0            0    -0.497429     0.580729     0.644452 )
(            0            0            0    -0.549373     0.364056    -0.752099 )
(            0            0            0    -0.671382     -0.72816     0.137945 )
---------------------
------ i = 14 --------
X_T:
(  4.89664e-12            1 -4.89658e-12 -1.45672e-17 -1.28498e-12     -0.26242 )
(  5.55112e-17  4.89664e-12            1       -0.069      0.26242 -1.28496e-12 )
(            1 -4.89658e-12            0  3.83027e-18  3.37868e-13        0.069 )
(            0            0            0  4.89664e-12            1 -4.89658e-12 )
(            0            0            0  5.55112e-17  4.89664e-12            1 )
(            0            0            0            1 -4.89658e-12            0 )
X_J:
(     0.248414    -0.968654            0            0            0            0 )
(     0.968654     0.248414            0            0            0            0 )
(            0            0            1            0            0            0 )
(            0            0            0     0.248414    -0.968654            0 )
(            0            0            0     0.968654     0.248414            0 )
(            0            0            0            0            0            1 )
X_0 par:
(    -0.497429     0.580729     0.644452     0.488054      0.13189     0.257862 )
(    -0.549373     0.364056    -0.752099   -0.0886964     0.367628      0.24274 )
(    -0.671382     -0.72816     0.137945    -0.289023     0.288988     0.118776 )
(            0            0            0    -0.497429     0.580729     0.644452 )
(            0            0            0    -0.549373     0.364056    -0.752099 )
(            0            0            0    -0.671382     -0.72816     0.137945 )
X_pi:
(     0.968654     0.248414 -4.89658e-12  -1.2447e-12 -3.19192e-13     -0.26242 )
(  4.74316e-12  1.21634e-12            1     0.237054     0.132026 -1.28496e-12 )
(     0.248414    -0.968654            0  3.27278e-13  8.39275e-14        0.069 )
(            0            0            0     0.968654     0.248414 -4.89658e-12 )
(            0            0            0  4.74316e-12  1.21634e-12            1 )
(            0            0            0     0.248414    -0.968654            0 )
X_0:
(    -0.321745     -0.74782     0.580729     0.674476   -0.0518683     0.306892 )
(    -0.718984     0.592051     0.364056    0.0606847      -0.2091     0.459899 )
(    -0.616069    -0.300402     -0.72816     -0.42307    -0.282986      0.47469 )
(            0            0            0    -0.321745     -0.74782     0.580729 )
(            0            0            0    -0.718984     0.592051     0.364056 )
(            0            0            0    -0.616069    -0.300402     -0.72816 )
---------------------
------ i = 15 --------
X_T:
(  4.89664e-12 -4.89658e-12            1            0            0            0 )
(            1            0 -4.89658e-12  -5.7504e-18     -0.10359 -5.07243e-13 )
(  5.55112e-17            1  4.89664e-12      0.10359            0 -5.07237e-13 )
(            0            0            0  4.89664e-12 -4.89658e-12            1 )
(            0            0            0            1            0 -4.89658e-12 )
(            0            0            0  5.55112e-17            1  4.89664e-12 )
X_J:
(    -0.930562    -0.366134            0            0            0            0 )
(     0.366134    -0.930562            0            0            0            0 )
(            0            0            1            0            0            0 )
(            0            0            0    -0.930562    -0.366134            0 )
(            0            0            0     0.366134    -0.930562            0 )
(            0            0            0            0            0            1 )
X_0 par:
(    -0.321745     -0.74782     0.580729     0.674476   -0.0518683     0.306892 )
(    -0.718984     0.592051     0.364056    0.0606847      -0.2091     0.459899 )
(    -0.616069    -0.300402     -0.72816     -0.42307    -0.282986      0.47469 )
(            0            0            0    -0.321745     -0.74782     0.580729 )
(            0            0            0    -0.718984     0.592051     0.364056 )
(            0            0            0    -0.616069    -0.300402     -0.72816 )
X_pi:
( -6.34943e-12  2.76375e-12            1            0            0            0 )
(    -0.930562    -0.366134 -4.89658e-12   -0.0379278    0.0963969 -5.07243e-13 )
(     0.366134    -0.930562  4.89664e-12   -0.0963969   -0.0379278 -5.07237e-13 )
(            0            0            0 -6.34943e-12  2.76375e-12            1 )
(            0            0            0    -0.930562    -0.366134 -4.89658e-12 )
(            0            0            0     0.366134    -0.930562  4.89664e-12 )
X_0:
(     0.908517    -0.266602    -0.321745     0.133013    -0.360705     0.674476 )
(    -0.417647    -0.555547    -0.718984     0.305416    -0.308142    0.0606847 )
(    0.0129382     0.787586    -0.616069     0.518722    -0.339458     -0.42307 )
(            0            0            0     0.908517    -0.266602    -0.321745 )
(            0            0            0    -0.417647    -0.555547    -0.718984 )
(            0            0            0    0.0129382     0.787586    -0.616069 )
---------------------
------ i = 16 --------
X_T:
(  4.89664e-12            1 -4.89658e-12 -1.50269e-17 -1.32552e-12      -0.2707 )
(  5.55112e-17  4.89664e-12            1        -0.01       0.2707 -1.32551e-12 )
(            1 -4.89658e-12            0  5.55112e-19  4.89664e-14         0.01 )
(            0            0            0  4.89664e-12            1 -4.89658e-12 )
(            0            0            0  5.55112e-17  4.89664e-12            1 )
(            0            0            0            1 -4.89658e-12            0 )
X_J:
(    -0.214398    -0.976746            0            0            0            0 )
(     0.976746    -0.214398            0            0            0            0 )
(            0            0            1            0            0            0 )
(            0            0            0    -0.214398    -0.976746            0 )
(            0            0            0     0.976746    -0.214398            0 )
(            0            0            0            0            0            1 )
X_0 par:
(     0.908517    -0.266602    -0.321745     0.133013    -0.360705     0.674476 )
(    -0.417647    -0.555547    -0.718984     0.305416    -0.308142    0.0606847 )
(    0.0129382     0.787586    -0.616069     0.518722    -0.339458     -0.42307 )
(            0            0            0     0.908517    -0.266602    -0.321745 )
(            0            0            0    -0.417647    -0.555547    -0.718984 )
(            0            0            0    0.0129382     0.787586    -0.616069 )
X_pi:
(     0.976746    -0.214398 -4.89658e-12 -1.29469e-12  2.84204e-13      -0.2707 )
(  4.78276e-12 -1.04988e-12            1     0.266549   -0.0482701 -1.32551e-12 )
(    -0.214398    -0.976746            0  4.78276e-14 -1.04988e-14         0.01 )
(            0            0            0     0.976746    -0.214398 -4.89658e-12 )
(            0            0            0  4.78276e-12 -1.04988e-12            1 )
(            0            0            0    -0.214398    -0.976746            0 )
X_0:
(     0.956372     0.119479    -0.266602   -0.0857489    -0.674441    -0.609858 )
(    -0.253786     0.791808    -0.555547     0.137223   -0.0979379    -0.202275 )
(     0.144721      0.59897     0.787586     0.807296     0.264003    -0.349121 )
(            0            0            0     0.956372     0.119479    -0.266602 )
(            0           -0            0    -0.253786     0.791808    -0.555547 )
(            0            0            0     0.144721      0.59897     0.787586 )
---------------------
------ i = 17 --------
X_T:
(  4.89664e-12 -4.89658e-12            1            0            0            0 )
(            1            0 -4.89658e-12 -6.43791e-18    -0.115975 -5.67888e-13 )
(  5.55112e-17            1  4.89664e-12     0.115975            0 -5.67881e-13 )
(            0            0            0  4.89664e-12 -4.89658e-12            1 )
(            0            0            0            1            0 -4.89658e-12 )
(            0            0            0  5.55112e-17            1  4.89664e-12 )
X_J:
(     0.674666    -0.738123            0            0            0            0 )
(     0.738123     0.674666            0            0            0            0 )
(            0            0            1            0            0            0 )
(            0            0            0     0.674666    -0.738123            0 )
(            0            0            0     0.738123     0.674666            0 )
