------ i = 1 --------
X_T:
( -4.89653e-12  2.06823e-13           -1       -0.207 -2.01178e-28   1.0136e-12 )
( -1.01177e-24           -1 -2.06823e-13       0.3735  3.62996e-28 -1.82889e-12 )
(           -1 -9.71877e-28  4.89664e-12  1.01358e-12      -0.3735        0.207 )
(            0            0            0 -4.89653e-12  2.06823e-13           -1 )
(            0            0            0 -1.01177e-24           -1 -2.06823e-13 )
(            0            0            0           -1 -9.71877e-28  4.89664e-12 )
X_J:
(     0.985355    -0.170516            0            0            0            0 )
(     0.170516     0.985355            0            0            0            0 )
(            0            0            1            0            0            0 )
(            0            0            0     0.985355    -0.170516            0 )
(            0            0            0     0.170516     0.985355            0 )
(            0            0            0            0            0            1 )
X_pi:
( -4.78955e-12  1.03873e-12           -1    -0.203968    0.0352969   1.0136e-12 )
(    -0.170516    -0.985355 -2.06823e-13      0.36803   -0.0636878 -1.82889e-12 )
(    -0.985355     0.170516  4.89664e-12   -0.0636878     -0.36803        0.207 )
(            0            0            0 -4.78955e-12  1.03873e-12           -1 )
(            0            0            0    -0.170516    -0.985355 -2.06823e-13 )
(            0            0            0    -0.985355     0.170516  4.89664e-12 )
X_0:
( -4.78955e-12  1.03873e-12           -1    -0.203968    0.0352969   1.0136e-12 )
(    -0.170516    -0.985355 -2.06823e-13      0.36803   -0.0636878 -1.82889e-12 )
(    -0.985355     0.170516  4.89664e-12   -0.0636878     -0.36803        0.207 )
(            0            0            0 -4.78955e-12  1.03873e-12           -1 )
(            0            0            0    -0.170516    -0.985355 -2.06823e-13 )
(            0            0            0    -0.985355     0.170516  4.89664e-12 )
---------------------
------ i = 2 --------
X_T:
(            1            0            0            0            0            0 )
(            0  4.89664e-12           -1            0        -0.08 -3.91731e-13 )
(            0            1  4.89664e-12            0  3.91731e-13        -0.08 )
(            0            0            0            1            0            0 )
(            0            0            0            0  4.89664e-12           -1 )
(            0            0            0            0            1  4.89664e-12 )
X_J:
(     0.998911     0.046654            0            0            0            0 )
(    -0.046654     0.998911            0            0            0            0 )
(            0            0            1            0            0            0 )
(            0            0            0     0.998911     0.046654            0 )
(            0            0            0    -0.046654     0.998911            0 )
(            0            0            0            0            0            1 )
X_0 par:
( -4.78955e-12  1.03873e-12           -1    -0.203968    0.0352969   1.0136e-12 )
(    -0.170516    -0.985355 -2.06823e-13      0.36803   -0.0636878 -1.82889e-12 )
(    -0.985355     0.170516  4.89664e-12   -0.0636878     -0.36803        0.207 )
(            0            0            0 -4.78955e-12  1.03873e-12           -1 )
(            0            0            0    -0.170516    -0.985355 -2.06823e-13 )
(            0            0            0    -0.985355     0.170516  4.89664e-12 )
X_pi:
(     0.998911     0.046654            0            0            0            0 )
( -2.28448e-13  4.89131e-12           -1   0.00373232   -0.0799129 -3.91731e-13 )
(    -0.046654     0.998911  4.89664e-12 -1.82758e-14  3.91305e-13        -0.08 )
(            0            0            0     0.998911     0.046654            0 )
(            0            0            0 -2.28448e-13  4.89131e-12           -1 )
(            0            0            0    -0.046654     0.998911  4.89664e-12 )
X_0:
(     0.046654    -0.998911 -5.93537e-12    -0.203746  -0.00951595    0.0447031 )
(    -0.170331  -0.00795527     0.985355     0.363952    0.0959126    0.0636878 )
(    -0.984282   -0.0459708    -0.170516   -0.0726394     0.190177      0.36803 )
(            0            0            0     0.046654    -0.998911 -5.93537e-12 )
(            0            0            0    -0.170331  -0.00795527     0.985355 )
(            0            0            0    -0.984282   -0.0459708    -0.170516 )
---------------------
------ i = 3 --------
X_T:
(            1            0            0            0            0            0 )
(            0            1            0            0            0        -0.35 )
(            0            0            1            0         0.35            0 )
(            0            0            0            1            0            0 )
(            0            0            0            0            1            0 )
(            0            0            0            0            0            1 )
X_J:
(     0.694306      0.71968            0            0            0            0 )
(     -0.71968     0.694306            0            0            0            0 )
(            0            0            1            0            0            0 )
(            0            0            0     0.694306      0.71968            0 )
(            0            0            0     -0.71968     0.694306            0 )
(            0            0            0            0            0            1 )
X_0 par:
(     0.046654    -0.998911 -5.93537e-12    -0.203746  -0.00951595    0.0447031 )
(    -0.170331  -0.00795527     0.985355     0.363952    0.0959126    0.0636878 )
(    -0.984282   -0.0459708    -0.170516   -0.0726394     0.190177      0.36803 )
(            0            0            0     0.046654    -0.998911 -5.93537e-12 )
(            0            0            0    -0.170331  -0.00795527     0.985355 )
(            0            0            0    -0.984282   -0.0459708    -0.170516 )
X_pi:
(     0.694306      0.71968            0            0            0            0 )
(     -0.71968     0.694306            0            0            0        -0.35 )
(            0            0            1    -0.251888     0.243007            0 )
(            0            0            0     0.694306      0.71968            0 )
(            0            0            0     -0.71968     0.694306            0 )
(            0            0            0            0            0            1 )
X_0:
(     0.751289    -0.659974 -5.93537e-12    -0.134614    -0.153239     0.394322 )
(    -0.112536    -0.128107     0.985355    -0.064532      0.56797    0.0664721 )
(    -0.650308    -0.740286    -0.170516    -0.144349    0.0383271      0.38412 )
(            0            0            0     0.751289    -0.659974 -5.93537e-12 )
(            0            0            0    -0.112536    -0.128107     0.985355 )
(            0            0            0    -0.650308    -0.740286    -0.170516 )
---------------------
------ i = 4 --------
X_T:
( -4.89653e-12  2.06823e-13           -1       -0.207 -2.01178e-28   1.0136e-12 )
( -1.01177e-24           -1 -2.06823e-13      -0.3735 -3.62996e-28  1.82889e-12 )
(           -1 -9.71877e-28  4.89664e-12  1.01358e-12       0.3735        0.207 )
(            0            0            0 -4.89653e-12  2.06823e-13           -1 )
(            0            0            0 -1.01177e-24           -1 -2.06823e-13 )
(            0            0            0           -1 -9.71877e-28  4.89664e-12 )
X_J:
(     0.994789    -0.101956            0            0            0            0 )
(     0.101956     0.994789            0            0            0            0 )
(            0            0            1            0            0            0 )
(            0            0            0     0.994789    -0.101956            0 )
(            0            0            0     0.101956     0.994789            0 )
(            0            0            0            0            0            1 )
X_pi:
( -4.84992e-12  7.04975e-13           -1    -0.205921    0.0211048   1.0136e-12 )
(    -0.101956    -0.994789 -2.06823e-13    -0.371554    0.0380805  1.82889e-12 )
(    -0.994789     0.101956  4.89664e-12    0.0380805     0.371554        0.207 )
(            0            0            0 -4.84992e-12  7.04975e-13           -1 )
(            0            0            0    -0.101956    -0.994789 -2.06823e-13 )
(            0            0            0    -0.994789     0.101956  4.89664e-12 )
X_0:
( -4.84992e-12  7.04975e-13           -1    -0.205921    0.0211048   1.0136e-12 )
(    -0.101956    -0.994789 -2.06823e-13    -0.371554    0.0380805  1.82889e-12 )
(    -0.994789     0.101956  4.89664e-12    0.0380805     0.371554        0.207 )
(            0            0            0 -4.84992e-12  7.04975e-13           -1 )
(            0            0            0    -0.101956    -0.994789 -2.06823e-13 )
(            0            0            0    -0.994789     0.101956  4.89664e-12 )
---------------------
------ i = 5 --------
X_T:
(            1            0            0            0            0            0 )
(            0  4.89664e-12           -1            0        -0.08 -3.91731e-13 )
(            0            1  4.89664e-12            0  3.91731e-13        -0.08 )
(            0            0            0            1            0            0 )
(            0            0            0            0  4.89664e-12           -1 )
(            0            0            0            0            1  4.89664e-12 )
X_J:
(     0.772759    -0.634699            0            0            0            0 )
(     0.634699     0.772759            0            0            0            0 )
(            0            0            1            0            0            0 )
(            0            0            0     0.772759    -0.634699            0 )
(            0            0            0     0.634699     0.772759            0 )
(            0            0            0            0            0            1 )
X_0 par:
( -4.84992e-12  7.04975e-13           -1    -0.205921    0.0211048   1.0136e-12 )
(    -0.101956    -0.994789 -2.06823e-13    -0.371554    0.0380805  1.82889e-12 )
(    -0.994789     0.101956  4.89664e-12    0.0380805     0.371554        0.207 )
(            0            0            0 -4.84992e-12  7.04975e-13           -1 )
(            0            0            0    -0.101956    -0.994789 -2.06823e-13 )
(            0            0            0    -0.994789     0.101956  4.89664e-12 )
X_pi:
(     0.772759    -0.634699            0            0            0            0 )
(  3.10789e-12  3.78392e-12           -1   -0.0507759   -0.0618207 -3.91731e-13 )
(     0.634699     0.772759  4.89664e-12  2.48631e-13  3.02714e-13        -0.08 )
(            0            0            0     0.772759    -0.634699            0 )
(            0            0            0  3.10789e-12  3.78392e-12           -1 )
(            0            0            0     0.634699     0.772759  4.89664e-12 )
X_0:
(    -0.634699    -0.772759 -5.60161e-12    -0.159128     0.130698    0.0588952 )
(   -0.0787873    0.0647112     0.994789     -0.23661     0.297323   -0.0380805 )
(    -0.768732     0.631392    -0.101956     0.155633     0.129489    -0.371554 )
(            0            0            0    -0.634699    -0.772759 -5.60161e-12 )
(            0            0            0   -0.0787873    0.0647112     0.994789 )
(            0            0            0    -0.768732     0.631392    -0.101956 )
---------------------
------ i = 6 --------
X_T:
(            1            0            0            0            0            0 )
(            0            1            0            0            0        -0.35 )
(            0            0            1            0         0.35            0 )
(            0            0            0            1            0            0 )
(            0            0            0            0            1            0 )
(            0            0            0            0            0            1 )
X_J:
(     0.722893     -0.69096            0            0            0            0 )
(      0.69096     0.722893            0            0            0            0 )
(            0            0            1            0            0            0 )
(            0            0            0     0.722893     -0.69096            0 )
(            0            0            0      0.69096     0.722893            0 )
(            0            0            0            0            0            1 )
X_0 par:
(    -0.634699    -0.772759 -5.60161e-12    -0.159128     0.130698    0.0588952 )
(   -0.0787873    0.0647112     0.994789     -0.23661     0.297323   -0.0380805 )
(    -0.768732     0.631392    -0.101956     0.155633     0.129489    -0.371554 )
(            0            0            0    -0.634699    -0.772759 -5.60161e-12 )
(            0            0            0   -0.0787873    0.0647112     0.994789 )
(            0            0            0    -0.768732     0.631392    -0.101956 )
X_pi:
(     0.722893     -0.69096            0            0            0            0 )
(      0.69096     0.722893            0            0            0        -0.35 )
(            0            0            1     0.241836     0.253012            0 )
(            0            0            0     0.722893     -0.69096            0 )
(            0            0            0      0.69096     0.722893            0 )
(            0            0            0            0            0            1 )
X_0:
(    -0.992765     -0.12007 -5.60161e-12    -0.024725     0.204432     0.329361 )
(   -0.0122418     0.101218     0.994789     0.274971     0.630115   -0.0607294 )
(    -0.119444     0.987592    -0.101956     0.177321   -0.0397259    -0.592541 )
(            0            0            0    -0.992765     -0.12007 -5.60161e-12 )
(            0            0            0   -0.0122418     0.101218     0.994789 )
(            0            0            0    -0.119444     0.987592    -0.101956 )
---------------------
------ i = 7 --------
X_T:
(  4.89664e-12            0            1        0.207           -0  -1.0136e-12 )
(            0            1            0       0.3735            0 -1.82889e-12 )
(           -1            0  4.89664e-12   1.0136e-12       0.3735        0.207 )
(            0            0            0  4.89664e-12            0            1 )
(            0            0            0            0            1            0 )
(            0            0            0           -1            0  4.89664e-12 )
X_J:
(     0.786355     0.617775            0            0            0            0 )
(    -0.617775     0.786355            0            0            0            0 )
(            0            0            1            0            0            0 )
(            0            0            0     0.786355     0.617775            0 )
(            0            0            0    -0.617775     0.786355            0 )
(            0            0            0            0            0            1 )
X_pi:
(   3.8505e-12  3.02502e-12            1     0.162775     0.127879  -1.0136e-12 )
(    -0.617775     0.786355            0     0.293704     0.230739 -1.82889e-12 )
(    -0.786355    -0.617775  4.89664e-12    -0.230739     0.293704        0.207 )
(            0            0            0   3.8505e-12  3.02502e-12            1 )
(            0            0            0    -0.617775     0.786355            0 )
(            0            0            0    -0.786355    -0.617775  4.89664e-12 )
X_0:
(   3.8505e-12  3.02502e-12            1     0.162775     0.127879  -1.0136e-12 )
(    -0.617775     0.786355            0     0.293704     0.230739 -1.82889e-12 )
(    -0.786355    -0.617775  4.89664e-12    -0.230739     0.293704        0.207 )
(            0            0            0   3.8505e-12  3.02502e-12            1 )
(            0            0            0    -0.617775     0.786355            0 )
(            0            0            0    -0.786355    -0.617775  4.89664e-12 )
---------------------
------ i = 8 --------
X_T:
(            1            0            0            0           -0            0 )
(            0  4.89664e-12            1            0         0.08 -3.91731e-13 )
(            0           -1  4.89664e-12            0  3.91731e-13         0.08 )
(            0            0            0            1            0            0 )
(            0            0            0            0  4.89664e-12            1 )
(            0            0            0            0           -1  4.89664e-12 )
X_J:
(     0.740951     -0.67156            0            0            0            0 )
(      0.67156     0.740951            0            0            0            0 )
(            0            0            1            0            0            0 )
(            0            0            0     0.740951     -0.67156            0 )
(            0            0            0      0.67156     0.740951            0 )
(            0            0            0            0            0            1 )
X_0 par:
(   3.8505e-12  3.02502e-12            1     0.162775     0.127879  -1.0136e-12 )
(    -0.617775     0.786355            0     0.293704     0.230739 -1.82889e-12 )
(    -0.786355    -0.617775  4.89664e-12    -0.230739     0.293704        0.207 )
(            0            0            0   3.8505e-12  3.02502e-12            1 )
(            0            0            0    -0.617775     0.786355            0 )
(            0            0            0    -0.786355    -0.617775  4.89664e-12 )
X_pi:
(     0.740951     -0.67156            0            0            0            0 )
(  3.28838e-12  3.62817e-12            1    0.0537248     0.059276 -3.91731e-13 )
(     -0.67156    -0.740951  4.89664e-12  2.63071e-13  2.90253e-13         0.08 )
(            0            0            0     0.740951     -0.67156            0 )
(            0            0            0  3.28838e-12  3.62817e-12            1 )
(            0            0            0     -0.67156    -0.740951  4.89664e-12 )
X_0:
(     -0.67156    -0.740951  7.92166e-12     0.120609    -0.109313     0.207879 )
(    -0.457741     0.414873     0.786355     0.259867    -0.150627     0.230739 )
(     -0.58265     0.528084    -0.617775    -0.343169    -0.035041     0.293704 )
(            0            0            0     -0.67156    -0.740951  7.92166e-12 )
(            0            0            0    -0.457741     0.414873     0.786355 )
(            0            0            0     -0.58265     0.528084    -0.617775 )
---------------------
------ i = 9 --------
X_T:
(            1            0            0            0            0            0 )
(            0            1            0            0            0        -0.35 )
(            0            0            1            0         0.35            0 )
(            0            0            0            1            0            0 )
(            0            0            0            0            1            0 )
(            0            0            0            0            0            1 )
X_J:
(    -0.286809     0.957988            0            0            0            0 )
(    -0.957988    -0.286809            0            0            0            0 )
(            0            0            1            0            0            0 )
(            0            0            0    -0.286809     0.957988            0 )
(            0            0            0    -0.957988    -0.286809            0 )
(            0            0            0            0            0            1 )
X_0 par:
(     -0.67156    -0.740951  7.92166e-12     0.120609    -0.109313     0.207879 )
(    -0.457741     0.414873     0.786355     0.259867    -0.150627     0.230739 )
(     -0.58265     0.528084    -0.617775    -0.343169    -0.035041     0.293704 )
(            0            0            0     -0.67156    -0.740951  7.92166e-12 )
(            0            0            0    -0.457741     0.414873     0.786355 )
(            0            0            0     -0.58265     0.528084    -0.617775 )
X_pi:
(    -0.286809     0.957988            0            0            0            0 )
(    -0.957988    -0.286809            0            0            0        -0.35 )
(            0            0            1    -0.335296    -0.100383            0 )
(            0            0            0    -0.286809     0.957988            0 )
(            0            0            0    -0.957988    -0.286809            0 )
(            0            0            0            0            0            1 )
X_0:
(     0.902431    -0.430834  7.92166e-12    0.0701292     0.146894     0.467212 )
(    -0.266159    -0.557499     0.786355    -0.193894     0.213213    0.0855335 )
(    -0.338789    -0.709631    -0.617775      0.33913    -0.256687     0.108874 )
(            0            0            0     0.902431    -0.430834  7.92166e-12 )
(            0            0            0    -0.266159    -0.557499     0.786355 )
(            0            0            0    -0.338789    -0.709631    -0.617775 )
---------------------
------ i = 10 --------
X_T:
(  4.89664e-12            0            1        0.207           -0  -1.0136e-12 )
(            0            1            0      -0.3735            0  1.82889e-12 )
(           -1            0  4.89664e-12   1.0136e-12      -0.3735        0.207 )
(            0            0            0  4.89664e-12            0            1 )
(            0            0            0            0            1            0 )
(            0            0            0           -1            0  4.89664e-12 )
X_J:
(     0.954382     0.298589            0            0            0            0 )
(    -0.298589     0.954382            0            0            0            0 )
(            0            0            1            0            0            0 )
(            0            0            0     0.954382     0.298589            0 )
(            0            0            0    -0.298589     0.954382            0 )
(            0            0            0            0            0            1 )
X_pi:
(  4.67326e-12  1.46208e-12            1     0.197557    0.0618079  -1.0136e-12 )
(    -0.298589     0.954382            0    -0.356462    -0.111523  1.82889e-12 )
(    -0.954382    -0.298589  4.89664e-12     0.111523    -0.356462        0.207 )
(            0            0            0  4.67326e-12  1.46208e-12            1 )
(            0            0            0    -0.298589     0.954382            0 )
(            0            0            0    -0.954382    -0.298589  4.89664e-12 )
X_0:
(  4.67326e-12  1.46208e-12            1     0.197557    0.0618079  -1.0136e-12 )
(    -0.298589     0.954382            0    -0.356462    -0.111523  1.82889e-12 )
(    -0.954382    -0.298589  4.89664e-12     0.111523    -0.356462        0.207 )
(            0            0            0  4.67326e-12  1.46208e-12            1 )
(            0            0            0    -0.298589     0.954382            0 )
(            0            0            0    -0.954382    -0.298589  4.89664e-12 )
---------------------
------ i = 11 --------
X_T:
(            1            0            0            0           -0            0 )
(            0  4.89664e-12            1            0         0.08 -3.91731e-13 )
(            0           -1  4.89664e-12            0  3.91731e-13         0.08 )
(            0            0            0            1            0            0 )
(            0            0            0            0  4.89664e-12            1 )
(            0            0            0            0           -1  4.89664e-12 )
X_J:
(     0.975487     0.220057            0            0            0            0 )
(    -0.220057     0.975487            0            0            0            0 )
(            0            0            1            0            0            0 )
(            0            0            0     0.975487     0.220057            0 )
(            0            0            0    -0.220057     0.975487            0 )
(            0            0            0            0            0            1 )
X_0 par:
(  4.67326e-12  1.46208e-12            1     0.197557    0.0618079  -1.0136e-12 )
(    -0.298589     0.954382            0    -0.356462    -0.111523  1.82889e-12 )
(    -0.954382    -0.298589  4.89664e-12     0.111523    -0.356462        0.207 )
(            0            0            0  4.67326e-12  1.46208e-12            1 )
(            0            0            0    -0.298589     0.954382            0 )
(            0            0            0    -0.954382    -0.298589  4.89664e-12 )
X_pi:
(     0.975487     0.220057            0            0            0            0 )
( -1.07754e-12  4.77661e-12            1   -0.0176045     0.078039 -3.91731e-13 )
(     0.220057    -0.975487  4.89664e-12  -8.6203e-14  3.82129e-13         0.08 )
(            0            0            0     0.975487     0.220057            0 )
(            0            0            0 -1.07754e-12  4.77661e-12            1 )
(            0            0            0     0.220057    -0.975487  4.89664e-12 )
X_0:
(     0.220057    -0.975487  6.35872e-12     0.192714    0.0434737     0.141808 )
(    -0.291269   -0.0657064     0.954382    -0.364525  -0.00396273    -0.111523 )
(    -0.930987    -0.210018    -0.298589     0.159597    -0.200686    -0.356462 )
(            0            0            0     0.220057    -0.975487  6.35872e-12 )
(            0            0            0    -0.291269   -0.0657064     0.954382 )
(            0            0            0    -0.930987    -0.210018    -0.298589 )
---------------------
------ i = 12 --------
X_T:
(            1            0            0            0            0            0 )
(            0            1            0            0            0        -0.35 )
(            0            0            1            0         0.35            0 )
(            0            0            0            1            0            0 )
(            0            0            0            0            1            0 )
(            0            0            0            0            0            1 )
X_J:
(   -0.0952292    -0.995455            0            0            0            0 )
(     0.995455   -0.0952292            0            0            0            0 )
(            0            0            1            0            0            0 )
(            0            0            0   -0.0952292    -0.995455            0 )
(            0            0            0     0.995455   -0.0952292            0 )
(            0            0            0            0            0            1 )
X_0 par:
(     0.220057    -0.975487  6.35872e-12     0.192714    0.0434737     0.141808 )
(    -0.291269   -0.0657064     0.954382    -0.364525  -0.00396273    -0.111523 )
(    -0.930987    -0.210018    -0.298589     0.159597    -0.200686    -0.356462 )
(            0            0            0     0.220057    -0.975487  6.35872e-12 )
(            0            0            0    -0.291269   -0.0657064     0.954382 )
(            0            0            0    -0.930987    -0.210018    -0.298589 )
X_pi:
(   -0.0952292    -0.995455            0            0            0            0 )
(     0.995455   -0.0952292            0            0            0        -0.35 )
(            0            0            1     0.348409   -0.0333302            0 )
(            0            0            0   -0.0952292    -0.995455            0 )
(            0            0            0     0.995455   -0.0952292            0 )
(            0            0            0            0            0            1 )
X_0:
(     -0.99201    -0.126162  6.35872e-12    0.0249241    -0.195979     0.483228 )
(   -0.0376704     0.296203     0.954382     0.363284     0.331436   -0.0885256 )
(    -0.120406     0.946756    -0.298589    -0.319003    -0.129809    -0.282955 )
(            0            0            0     -0.99201    -0.126162  6.35872e-12 )
(            0            0            0   -0.0376704     0.296203     0.954382 )
(            0            0            0    -0.120406     0.946756    -0.298589 )
