../models/iiwa_rbd_accel.urdf
model name: iiwa
q:  68037.5 -21123.4  56619.8    59688  82329.5 -60489.7 -32955.4
------ i = 1 --------
X_T:
(            1            0            0            0      -0.1575            0 )
(            0            1            0       0.1575            0            0 )
(            0            0            1            0            0            0 )
(            0            0            0            1            0            0 )
(            0            0            0            0            1            0 )
(            0            0            0            0            0            1 )
X_J:
(    -0.997457    0.0712717            0            0            0            0 )
(   -0.0712717    -0.997457            0            0            0            0 )
(            0            0            1            0            0            0 )
(            0            0            0    -0.997457    0.0712717            0 )
(            0            0            0   -0.0712717    -0.997457            0 )
(            0            0            0            0            0            1 )
X_pi:
(    -0.997457    0.0712717            0    0.0112253     0.157099            0 )
(   -0.0712717    -0.997457            0    -0.157099    0.0112253            0 )
(            0            0            1            0            0            0 )
(            0            0            0    -0.997457    0.0712717            0 )
(            0            0            0   -0.0712717    -0.997457            0 )
(            0            0            0            0            0            1 )
X_0:
(    -0.997457    0.0712717            0    0.0112253     0.157099            0 )
(   -0.0712717    -0.997457            0    -0.157099    0.0112253            0 )
(            0            0            1            0            0            0 )
(            0            0            0    -0.997457    0.0712717            0 )
(            0            0            0   -0.0712717    -0.997457            0 )
(            0            0            0            0            0            1 )
---------------------
------ i = 2 --------
X_T:
(           -1  8.74228e-08 -1.46193e-16 -7.44224e-16 -8.85156e-09      -0.2025 )
(  3.67518e-15  4.37114e-08            1      -0.2025  1.77031e-08 -2.96041e-17 )
(  8.74228e-08            1 -4.37114e-08            0            0            0 )
(            0            0            0           -1  8.74228e-08 -1.46193e-16 )
(            0            0            0  3.67518e-15  4.37114e-08            1 )
(            0            0            0  8.74228e-08            1 -4.37114e-08 )
X_J:
(     0.793434    -0.608657            0            0            0            0 )
(     0.608657     0.793434            0            0            0            0 )
(            0            0            1            0            0            0 )
(            0            0            0     0.793434    -0.608657            0 )
(            0            0            0     0.608657     0.793434            0 )
(            0            0            0            0            0            1 )
X_0 par:
(    -0.997457    0.0712717            0    0.0112253     0.157099            0 )
(   -0.0712717    -0.997457            0    -0.157099    0.0112253            0 )
(            0            0            1            0            0            0 )
(            0            0            0    -0.997457    0.0712717            0 )
(            0            0            0   -0.0712717    -0.997457            0 )
(            0            0            0            0            0            1 )
X_pi:
(    -0.793434     0.608657 -1.46193e-16 -5.38756e-09 -7.02312e-09      -0.2025 )
(  2.66052e-08  3.46821e-08            1     -0.16067     0.123253 -2.96041e-17 )
(     0.608657     0.793434 -4.37114e-08            0            0            0 )
(            0            0            0    -0.793434     0.608657 -1.46193e-16 )
(            0            0            0  2.66052e-08  3.46821e-08            1 )
(            0            0            0     0.608657     0.793434 -4.37114e-08 )
X_0:
(     0.791416    -0.607109    0.0712717   -0.0203578    0.0156168     0.359084 )
(    0.0565493     -0.04338    -0.997457      0.28491    -0.218559    0.0256578 )
(     0.608657     0.793434 -4.37114e-08            0            0            0 )
(            0            0            0     0.791416    -0.607109    0.0712717 )
(            0            0            0    0.0565493     -0.04338    -0.997457 )
(            0            0            0     0.608657     0.793434 -4.37114e-08 )
---------------------
------ i = 3 --------
X_T:
(           -1  8.74228e-08 -1.46193e-16   1.7878e-08       0.2045 -8.93898e-09 )
(  3.67518e-15  4.37114e-08            1           -0            0            0 )
(  8.74228e-08            1 -4.37114e-08       0.2045  -1.7878e-08  2.98964e-17 )
(            0            0            0           -1  8.74228e-08 -1.46193e-16 )
(            0            0            0  3.67518e-15  4.37114e-08            1 )
(            0            0            0  8.74228e-08            1 -4.37114e-08 )
X_J:
(    -0.471642     -0.88179            0            0            0            0 )
(      0.88179    -0.471642            0            0            0            0 )
(            0            0            1            0            0            0 )
(            0            0            0    -0.471642     -0.88179            0 )
(            0            0            0      0.88179    -0.471642            0 )
(            0            0            0            0            0            1 )
X_0 par:
(     0.791416    -0.607109    0.0712717   -0.0203578    0.0156168     0.359084 )
(    0.0565493     -0.04338    -0.997457      0.28491    -0.218559    0.0256578 )
(     0.608657     0.793434 -4.37114e-08            0            0            0 )
(            0            0            0     0.791416    -0.607109    0.0712717 )
(            0            0            0    0.0565493     -0.04338    -0.997457 )
(            0            0            0     0.608657     0.793434 -4.37114e-08 )
X_pi:
(     0.471642      0.88179 -1.46193e-16     0.180326   -0.0964509 -8.93898e-09 )
(  3.85443e-08 -2.06161e-08            1            0            0            0 )
(      0.88179    -0.471642 -4.37114e-08   -0.0964509    -0.180326  2.98964e-17 )
(            0            0            0     0.471642      0.88179 -1.46193e-16 )
(            0            0            0  3.85443e-08 -2.06161e-08            1 )
(            0            0            0      0.88179    -0.471642 -4.37114e-08 )
X_0:
(     0.436112     0.664248    -0.607109     0.442874    -0.276496    0.0156168 )
(    -0.852876     0.520308     -0.04338     0.263403     0.413542    -0.218559 )
(     0.287068     0.536707     0.793434     0.109757   -0.0587055 -5.44077e-09 )
(            0            0            0     0.436112     0.664248    -0.607109 )
(            0            0            0    -0.852876     0.520308     -0.04338 )
(            0            0            0     0.287068     0.536707     0.793434 )
---------------------
------ i = 4 --------
X_T:
(            1            0            0            0   9.4198e-09       0.2155 )
(            0 -4.37114e-08           -1       0.2155            0            0 )
(            0            1 -4.37114e-08            0           -0           -0 )
(            0            0            0            1            0            0 )
(            0            0            0            0 -4.37114e-08           -1 )
(            0            0            0            0            1 -4.37114e-08 )
X_J:
(    -0.631066     0.775729            0            0            0            0 )
(    -0.775729    -0.631066            0            0            0            0 )
(            0            0            1            0            0            0 )
(            0            0            0    -0.631066     0.775729            0 )
(            0            0            0    -0.775729    -0.631066            0 )
(            0            0            0            0            0            1 )
X_0 par:
(     0.436112     0.664248    -0.607109     0.442874    -0.276496    0.0156168 )
(    -0.852876     0.520308     -0.04338     0.263403     0.413542    -0.218559 )
(     0.287068     0.536707     0.793434     0.109757   -0.0587055 -5.44077e-09 )
(            0            0            0     0.436112     0.664248    -0.607109 )
(            0            0            0    -0.852876     0.520308     -0.04338 )
(            0            0            0     0.287068     0.536707     0.793434 )
X_pi:
(    -0.631066     0.775729            0 -7.30722e-09 -5.94452e-09       0.2155 )
(  3.39082e-08  2.75848e-08           -1    -0.135995      0.16717            0 )
(    -0.775729    -0.631066 -4.37114e-08            0            0            0 )
(            0            0            0    -0.631066     0.775729            0 )
(            0            0            0  3.39082e-08  2.75848e-08           -1 )
(            0            0            0    -0.775729    -0.631066 -4.37114e-08 )
X_0:
(     0.195737     0.721431    -0.664248    -0.381931     0.444737     0.370478 )
(     0.571872    -0.634225    -0.520308   -0.0674411     0.429234    -0.597337 )
(    -0.796649    -0.278022    -0.536707    -0.142253     0.174863     0.120569 )
(            0            0            0     0.195737     0.721431    -0.664248 )
(            0            0            0     0.571872    -0.634225    -0.520308 )
(            0            0            0    -0.796649    -0.278022    -0.536707 )
---------------------
------ i = 5 --------
X_T:
(           -1  8.74228e-08 -1.46193e-16  1.61295e-08       0.1845 -8.06475e-09 )
(  3.67518e-15  4.37114e-08            1           -0            0            0 )
(  8.74228e-08            1 -4.37114e-08       0.1845 -1.61295e-08  2.69726e-17 )
(            0            0            0           -1  8.74228e-08 -1.46193e-16 )
(            0            0            0  3.67518e-15  4.37114e-08            1 )
(            0            0            0  8.74228e-08            1 -4.37114e-08 )
X_J:
(     0.625903    -0.779901            0            0            0            0 )
(     0.779901     0.625903            0            0            0            0 )
(            0            0            1            0            0            0 )
(            0            0            0     0.625903    -0.779901            0 )
(            0            0            0     0.779901     0.625903            0 )
(            0            0            0            0            0            1 )
X_0 par:
(     0.195737     0.721431    -0.664248    -0.381931     0.444737     0.370478 )
(     0.571872    -0.634225    -0.520308   -0.0674411     0.429234    -0.597337 )
(    -0.796649    -0.278022    -0.536707    -0.142253     0.174863     0.120569 )
(            0            0            0     0.195737     0.721431    -0.664248 )
(            0            0            0     0.571872    -0.634225    -0.520308 )
(            0            0            0    -0.796649    -0.278022    -0.536707 )
X_pi:
(    -0.625903     0.779901 -1.46193e-16     0.143892     0.115479 -8.06475e-09 )
(  3.40906e-08  2.73591e-08            1            0            0            0 )
(     0.779901     0.625903 -4.37114e-08     0.115479    -0.143892  2.69726e-17 )
(            0            0            0    -0.625903     0.779901 -1.46193e-16 )
(            0            0            0  3.40906e-08  2.73591e-08            1 )
(            0            0            0     0.779901     0.625903 -4.37114e-08 )
X_0:
(     -0.64056    -0.263099     0.721431     0.479446    0.0521977     0.444737 )
(    -0.763725     0.120342    -0.634225    -0.401449    -0.285565     0.429235 )
(    0.0800461    -0.957234    -0.278022   0.00645866   -0.0502475     0.174863 )
(            0            0            0     -0.64056    -0.263099     0.721431 )
(            0            0            0    -0.763725     0.120342    -0.634225 )
(            0            0            0    0.0800461    -0.957234    -0.278022 )
---------------------
------ i = 6 --------
X_T:
(            1            0            0            0   9.4198e-09       0.2155 )
(            0 -4.37114e-08           -1       0.2155            0            0 )
(            0            1 -4.37114e-08            0           -0           -0 )
(            0            0            0            1            0            0 )
(            0            0            0            0 -4.37114e-08           -1 )
(            0            0            0            0            1 -4.37114e-08 )
X_J:
(     0.069551     0.997578            0            0            0            0 )
(    -0.997578     0.069551            0            0            0            0 )
(            0            0            1            0            0            0 )
(            0            0            0     0.069551     0.997578            0 )
(            0            0            0    -0.997578     0.069551            0 )
(            0            0            0            0            0            1 )
X_0 par:
(     -0.64056    -0.263099     0.721431     0.479446    0.0521977     0.444737 )
(    -0.763725     0.120342    -0.634225    -0.401449    -0.285565     0.429235 )
(    0.0800461    -0.957234    -0.278022   0.00645866   -0.0502475     0.174863 )
(            0            0            0     -0.64056    -0.263099     0.721431 )
(            0            0            0    -0.763725     0.120342    -0.634225 )
(            0            0            0    0.0800461    -0.957234    -0.278022 )
X_pi:
(     0.069551     0.997578            0 -9.39699e-09  6.55157e-10       0.2155 )
(  4.36055e-08 -3.04017e-09           -1    0.0149882     0.214978            0 )
(    -0.997578     0.069551 -4.37114e-08            0            0            0 )
(            0            0            0     0.069551     0.997578            0 )
(            0            0            0  4.36055e-08 -3.04017e-09           -1 )
(            0            0            0    -0.997578     0.069551 -4.37114e-08 )
X_0:
(    -0.764235    -0.588832     0.263099    -0.414258     0.452656    -0.190238 )
(     0.579572    -0.805987    -0.120342    -0.454313    -0.344753     0.120983 )
(     0.282916    0.0605156     0.957234    -0.188337    -0.187179    0.0674974 )
(            0            0            0    -0.764235    -0.588832     0.263099 )
(            0            0            0     0.579572    -0.805987    -0.120342 )
(            0            0            0     0.282916    0.0605156     0.957234 )
---------------------
------ i = 7 --------
X_T:
(           -1  8.74228e-08 -1.46193e-16  7.08125e-09        0.081 -3.54062e-09 )
(  3.67518e-15  4.37114e-08            1           -0            0            0 )
(  8.74228e-08            1 -4.37114e-08        0.081 -7.08125e-09  1.18416e-17 )
(            0            0            0           -1  8.74228e-08 -1.46193e-16 )
(            0            0            0  3.67518e-15  4.37114e-08            1 )
(            0            0            0  8.74228e-08            1 -4.37114e-08 )
X_J:
(     0.989946     0.141445            0            0            0            0 )
(    -0.141445     0.989946            0            0            0            0 )
(            0            0            1            0            0            0 )
(            0            0            0     0.989946     0.141445            0 )
(            0            0            0    -0.141445     0.989946            0 )
(            0            0            0            0            0            1 )
X_0 par:
(    -0.764235    -0.588832     0.263099    -0.414258     0.452656    -0.190238 )
(     0.579572    -0.805987    -0.120342    -0.454313    -0.344753     0.120983 )
(     0.282916    0.0605156     0.957234    -0.188337    -0.187179    0.0674974 )
(            0            0            0    -0.764235    -0.588832     0.263099 )
(            0            0            0     0.579572    -0.805987    -0.120342 )
(            0            0            0     0.282916    0.0605156     0.957234 )
X_pi:
(    -0.989946    -0.141445 -1.46193e-16    -0.011457    0.0801856 -3.54062e-09 )
( -6.18275e-09  4.32719e-08            1            0            0            0 )
(    -0.141445     0.989946 -4.37114e-08    0.0801856     0.011457  1.18416e-17 )
(            0            0            0    -0.989946    -0.141445 -1.46193e-16 )
(            0            0            0 -6.18275e-09  4.32719e-08            1 )
(            0            0            0    -0.141445     0.989946 -4.37114e-08 )
X_0:
(     0.719338     0.368551    -0.588832     0.466854    -0.187997     0.452656 )
(    -0.556723    -0.201109    -0.805987     0.416343     0.229121    -0.344753 )
(    -0.415467     0.907593    0.0605156     0.250412     0.127111    -0.187179 )
(            0            0            0     0.719338     0.368551    -0.588832 )
(            0            0            0    -0.556723    -0.201109    -0.805987 )
(            0            0            0    -0.415467     0.907593    0.0605156 )
